20
29
79
4
3
8
71
72
33
53
49
52
72
72
80
0
48
6
65
35
16
32
29
62
4
80
27
16
53
48
81
1
5
2
74
4
59
57
56
48
49
75
11
2
29
20
11
3
44
17
50
38
18
49
31
56
29
61
26
73
24
3
64
3
29
50
56
5
4
47
7
20
33
38
25
50
16
57
28
28
15
31
52
80
12
55
56
3
40
25
6
56
82
5
45
2
21
64
11
66
9
6
80
26
0
56
25
80
49
20
80
3
43
16
7
77
7
13
33
9
17
73
7
50
10
43
15
22
14
80
1
35
54
10
31
18
56
22
38
80
39
37
7
0
25
20
24
27
56
56
37
24
71
25
24
56
56
8
27
18
43
21
65
23
74
57
9
10
8
6
62
53
5
20
13
72
73
50
17
6
17
3
11
22
11
14
18
63
56
34
56
35
23
7
81
54
31
54
48
0
57
10
66
61
30
23
3
6
38
40
12
26
69
16
51
73
46
4
20
67
38
61
22
79
7
66
34
18
56
49
3
32
49
50
73
81
43
10
61
80
10
7
53
18
16
26
0
35
50
50
75
18
12
23
51
29
3
21
6
56
84
13
14
83
61
15
56
16
16
21
8
50
1
79
17
70
78
61
39
73
8
4
46
44
3
50
59
18
61
16
6
23
81
34
56
57
24
9
71
18
12
61
50
40
56
49
29
3
26
7
6
3
24
58
34
27
10
18
73
81
74
46
3
56
46
63
3
16
19
20
18
0
27
1
28
40
65
83
10
23
33
7
6
47
66
71
71
3
29
45
11
74
71
56
21
54
36
43
50
61
29
29
17
0
22
9
58
23
3
18
18
53
65
24
77
5
16
73
50
31
52
50
76
67
80
9
56
26
9
54
3
26
26
16
25
63
80
46
11
8
23
5
71
39
1
18
16
9
15
70
84
80
61
15
18
78
26
82
4
65
34
71
65
5
25
75
63
72
29
84
40
0
14
75
7
28
44
30
63
15
56
20
31
31
72
40
50
27
57
63
4
34
62
12
80
61
9
57
51
0
72
8
16
61
82
49
8
51
13
17
78
8
0
81
37
29
77
51
56
5
20
34
80
5
82
56
28
73
55
12
73
57
30
26
59
34
17
72
62
57
31
56
1
3
8
20
31
80
7
20
74
24
31
20
0
24
36
52
59
31
31
5
80
47
53
84
1
26
9
63
64
57
56
38
1
34
8
18
63
12
0
56
10
56
51
1
41
62
0
65
16
58
77
60
27
1
33
73
3
80
61
65
28
60
2
20
29
50
24
37
73
45
63
0
20
69
8
51
16
50
53
31
52
35
5
29
3
37
84
72
5
10
50
62
35
30
11
15
50
3
52
54
13
24
31
11
10
33
82
24
37
47
31
56
24
57
80
23
4
26
38
3
56
6
59
16
54
28
8
10
40
50
81
72
45
32
45
81
65
32
51
37
38
59
72
32
50
49
4
56
54
76
0
21
56
56
56
37
57
48
57
22
12
37
5
80
38
30
65
45
61
3
5
63
61
25
10
7
56
28
3
9
11
3
5
29
5
57
11
0
45
18
69
48
18
31
57
25
5
0
6
37
33
6
25
68
57
74
34
3
75
5
56
22
10
57
73
2
24
72
34
49
5
5
39
7
46
32
32
56
71
20
33
43
20
82
37
23
0
62
29
38
47
83
22
73
49
11
59
21
49
52
48
82
3
0
20
46
16
65
31
23
10
74
53
56
16
57
2
18
24
27
50
12
28
57
20
39
26
35
59
49
22
49
45
62
24
11
6
65
8
16
37
29
24
84
35
36
32
23
81
84
56
29
66
7
41
4
37
10
15
39
50
71
59
69
51
14
18
4
50
19
2
29
41
61
49
4
3
78
38
18
21
63
4
74
59
75
16
56
41
39
74
49
56
4
14
2
38
34
83
12
14
62
36
21
73
48
1
40
47
67
46
3
28
24
67
52
22
18
76
16
3
46
56
59
74
29
61
46
45
52
71
57
1
20
67
26
4
5
63
40
16
41
61
27
48
20
2
28
57
35
42
74
23
21
2
56
5
56
32
16
43
70
0
16
67
59
63
23
63
24
16
46
3
78
49
41
41
36
47
12
44
57
71
35
71
41
20
1
71
76
63
17
45
14
36
12
18
4
47
3
27
55
49
19
70
7
0
56
46
77
16
23
45
53
5
24
71
57
31
72
47
25
5
21
60
45
43
16
69
41
37
20
8
63
49
26
0
12
68
23
52
57
48
4
46
42
7
23
79
31
16
17
69
28
0
6
57
74
49
5
83
28
64
31
4
59
53
60
43
15
50
4
3
51
4
7
43
50
20
53
26
50
3
80
79
79
36
65
46
57
2
44
63
3
75
7
45
10
54
24
74
7
47
82
62
20
63
62
70
76
57
16
69
5
17
18
67
56
7
69
57
33
66
46
6
21
25
52
82
42
80
15
17
14
3
61
20
50
66
6
17
19
24
73
19
71
16
21
11
0
49
45
72
17
48
83
59
11
55
24
7
56
4
9
57
66
3
50
21
16
9
34
5
3
37
0
63
9
41
66
3
58
19
46
55
16
17
7
65
24
74
57
48
67
22
84
2
17
50
49
14
3
45
2
23
29
65
53
50
32
66
61
54
82
53
35
73
66
45
20
83
3
45
80
1
51
23
38
67
2
41
55
57
4
47
31
30
49
29
53
3
41
78
2
6
53
55
54
3
21
65
18
45
83
54
23
67
14
83
3
0
38
47
0
81
31
16
27
54
62
22
74
81
37
8
46
45
68
39
16
50
3
39
63
50
12
66
20
56
42
25
8
3
0
73
18
33
24
81
47
57
52
5
57
61
24
0
47
3
63
0
20
71
33
57
0
31
8
24
58
62
11
15
16
62
59
64
0
60
78
35
15
62
8
16
7
46
66
53
52
50
3
14
23
14
2
5
56
20
56
43
51
16
68
20
27
18
23
35
63
58
60
20
19
18
5
22
1
0
15
84
50
76
84
71
20
76
18
80
17
24
4
11
11
55
20
83
40
46
61
57
20
63
23
8
20
50
48
15
49
27
57
17
82
65
48
81
34
29
4
13
75
29
63
52
20
62
20
31
62
4
49
57
2
0
53
26
1
3
84
7
3
4
31
58
6
39
30
61
14
43
64
76
56
16
70
18
44
37
49
58
58
17
15
73
16
50
72
69
6
20
25
67
73
18
68
51
29
57
7
8
57
18
63
44
50
9
76
16
52
1
64
24
18
3
4
17
26
49
65
12
66
57
25
8
67
71
45
29
51
70
3
16
84
0
65
24
71
0
4
50
62
58
15
84
72
75
45
52
83
29
10
27
52
68
48
21
53
7
6
73
25
54
0
0
6
3
46
28
22
49
42
3
46
28
55
13
70
4
38
42
18
56
23
18
9
16
82
1
35
45
49
53
20
77
13
29
65
14
18
10
41
7
5
74
28
3
79
24
2
29
56
16
5
20
3
78
75
63
78
78
5
69
70
50
36
57
14
7
78
16
58
16
34
71
53
72
22
23
63
6
26
54
65
5
52
13
4
11
24
67
59
61
31
22
21
40
81
24
64
18
50
7
61
0
20
5
3
59
75
73
61
50
50
1
61
83
77
11
65
45
57
20
18
65
77
57
54
17
62
84
6
58
53
11
32
74
75
24
56
83
10
15
80
54
14
16
17
57
79
73
76
11
0
18
58
16
76
46
50
37
21
22
62
14
32
84
7
49
1
75
7
58
20
57
40
80
40
56
49
39
62
48
52
73
74
18
9
41
65
11
34
81
77
3
63
61
8
76
71
57
51
39
57
60
49
17
23
57
75
54
52
5
71
49
57
52
66
82
65
24
57
27
24
56
5
15
43
22
1
63
63
30
4
66
56
3
6
41
3
71
82
8
61
17
45
1
59
16
56
84
2
42
56
82
77
15
61
83
57
29
49
64
53
0
30
78
29
67
4
7
42
47
3
77
50
51
45
29
53
6
45
3
60
2
56
76
21
24
17
25
61
79
80
10
46
28
61
80
29
10
82
9
74
7
54
72
7
50
43
52
17
29
7
53
66
15
2
33
57
18
77
10
51
52
7
0
73
57
40
18
43
72
64
1
7
24
69
71
57
27
78
56
16
64
74
47
56
41
71
18
24
3
56
56
35
4
80
74
49
29
17
42
16
54
83
66
2
81
56
22
56
65
57
59
3
56
16
15
28
3
43
21
23
22
58
27
52
56
6
18
27
36
5
9
32
81
7
80
52
69
82
46
23
12
33
71
25
23
33
62
17
72
66
16
27
16
82
23
29
52
51
15
0
83
5
50
49
62
63
21
61
82
53
16
9
24
82
81
71
5
17
83
63
83
16
61
57
61
61
65
62
77
6
6
61
60
15
30
60
29
83
27
50
50
70
65
82
5
17
84
57
17
4
7
83
84
54
50
26
84
65
25
23
3
15
56
56
74
16
33
15
24
24
53
21
12
20
